U=1000000001011101001101000100101010110100011010001010000011010100110100010101
001011010000110100010100101011010010011101001010010010111010100011101010100100
101011101010100110100010100010101101000001101001000001010110100010011101001010
000101011101001000111010010101000010111010010100110100001000011101010000111010
100001001001110100010101011010100101011010000011010101001011010010010001101000
000001101000000111010100101010101110100001001110100101010101010101110100001010
101110100001010001011101000101001101001000010100110100101001001101001000101101
010001011101001001010111010010100011101010010100100111010101010000110100101010
101110101001000101101010000101101010001001101010101010001011010010101001001011
010100100101110101010010101110101001010011010101000011101000100100101011101010
100101011101010100000111010100100000110101010100101110101001010110100010010001
110100000001110100101001010101011101001010010010101110100000101011101000010001
110100000101010011101000010100111010000010001011101000100001110100001001010011
101000100001011010001010010111010001010010110100100000101101000101010010011010
001010101011101001000001110100100101010101110101010100110100100010101101001001
001011010000000101101000001000110100000100101101000000000110100101000101110100
101010001101001010010101101000001001110100101010010110100100111010100000010101
110101000000110101010001010101101001010101101010000101011101010010010101110101
000100101101010010000101110100000011101010010001011010100101001101010100010111
010100101001011101010100000101110101010000010111010000001110101010000101011101
001010101101010100001011101010001010101110101010010010111010101010000111010100
000001110100100100001101001001000101101010101010011101000000001011010010000110
101010101001011101001000011010010001010101110100001000111010001000011101000011
010000000101101000001001011101010100101010110100010001001011101000001001110101
010011010000010101011010000100001110100100001000111010101010101001110100001001
001110100010010000111010000101001011010000101000011101010101010101110100010010
011010001001001101010010100101110100010001010111010000000111010001001001011101
001101001001000010110101010100110100010100010111010000110101000010001011010100
110101010010100101101010100110100100101011101001101001000001011010001010101000
111010010000101011010000001001101001000100101110100100001101010000010010111010
010010100110100100101010110100110100100101001011010011010010100000101101001000
001110101001001101010101000010111010010100001011101001010101011101010001001011
010010011101001010100010111010001001110101000010110100100111010010101010101110
100100011101001010101001011101001000111010100000101010111001101010000010110100
100111010100000010111010010110101000001010110100101001011101010000100101110100
001101010001000010110101001101010001000101101010101001011101010001010010110100
010101010111010010000101011010100010111010100100101010111010101001001011101010
001110101000111010100100100101110101000111010100101000101110101000101110101000
010010111010100011101000101000101110100101001011101010010101001011101001010101
010101101010000101010101101000010011101000010101010101110101010001010111010101
000101011101000000111010101000100101110100000011101010100100010111010100000011
010100001011010000001110100100000010111010100011101010010001010111010100110101
010100010101101000001101010101001010101101000000100110101010100100111010100110
101010100100101101010011010010010011101000001101010101010010101101010001001101
000101001010101110100000110101010101010010110100010001110100010101010101011010
001000111010000101011101000100100001110100110100000001001110100000010010111010
001000101001110100000010010111010010101010100101101000010101010111010001001010
010111010000010001011101010100101101000100010011101000001001010111010000001010
101101000010001110011110100001000001110100001001001110100000101001011101000001
010010110100001000101011101000010001001101000100001110101111010000100100101110
100001001001011101000000010101110100001010100011010001001011101000010000011101
000010011101000100000101110101010010110100010000010111010000101010101110100000
010101011101000100001010111010001000010101110100100000111010100100100110100000
010101110100010001001011101010100001110101001010110100101010100001101000001010
011010000000111010000010010011101001011010010001010010110101010011010001010010
010110101010011010001010100010110011010100100101110101010011010001010101010110
011010100010101011001101001000101010101110100010001110100100101010101011010010
100101000110100100000010111010000011010101001010101011010010101011010010001000
101110100010101011010100000101011010001000001101001000101011010000100111010100
101010101011101001011010010010001010110011010010010010101011101001101001001001
010110100101101001001001001011010010110100100101000101100110100100101001010111
010001010111010010010111001101001001010100101110011010010100010101011101000100
011101000010100101101001010001011101001010001010110100010011101001010001001011
101000100111010010100100010111001101001000100011101000100111010010100101010111
001101001010000011100110101010101011010000000111010010101001010101110100100011
101001010100101011100110100001010010011001101010000011010000000111010010101010
010101110011010100010000110100000001110100010010101010111010001000111010101010
101010101101000010011101001000100101011101001010100010011010100000001011010010
011101010000101011101001000011010100000001011010010001110101001001011101000011
010100001010101101010001011101010000101001011101010001011101010001010101011100
1101010001010110100001101010001001010